1024
256
256
-0.8963
1.9541
-0.4318
1.5250
0.7440
1.5462
1.0518
-0.4468
0.7488
-0.5049
0.0142
1.1995
1.1066
-1.2149
2.2992
-0.3040
1.5352
0.6005
-1.3813
0.7632
0.5399
-0.9781
0.8507
1.5956
0.1628
1.2160
1.2950
-0.5105
2.2098
1.1299
4.0474
1.8851
2.9360
0.2812
0.9632
0.6725
0.1410
0.5572
0.7626
0.0664
1.3340
0.3956
-1.8195
0.6477
-0.9536
1.4681
0.6414
-1.1812
-0.0839
1.2088
0.5039
1.5382
-0.4012
0.5856
0.0250
0.0356
0.2259
-0.9526
1.1000
-2.7529
0.1724
-0.9982
-0.2616
-0.4083
-1.5656
-0.5322
-1.8801
0.0915
0.4683
-2.7135
-0.4857
-2.0584
0.7048
-1.3335
-2.0548
-1.5688
-0.6372
-0.9304
-1.3210
-2.0861
-0.1214
-1.6683
-4.2392
-0.6737
-1.4493
-1.6560
-1.9632
-1.5284
0.3288
-0.3122
-0.1946
-1.5685
-0.5958
0.4684
-0.8788
-1.3707
1.0327
-0.9060
0.4788
-0.2147
-0.2669
-0.9749
-0.6444
1.2665
2.1783
-0.7723
-0.2167
0.8599
-0.7708
0.2932
0.0663
1.4144
1.0065
0.9752
1.4487
-0.0827
1.4196
0.0160
1.8519
2.1348
0.0492
3.1559
1.1858
0.8450
-0.4116
1.1484
3.3489
0.4864
-0.5825
0.1117
1.1985
0.3847
0.6333
0.9676
-0.2856
1.4748
0.3389
1.5366
0.5381
0.1230
-1.0435
0.6950
0.3847
0.8049
-2.0816
1.8200
0.5027
-0.2323
0.9126
-0.7390
-0.2780
1.1978
1.7896
-0.6488
0.8418
1.0011
0.5127
0.0929
-1.3316
0.3795
0.4718
0.5046
-2.3602
-0.4124
0.0922
-0.6793
-0.1336
-1.4870
0.2225
-0.8617
-0.8417
-3.3859
-0.9226
-0.6451
-1.4468
-1.0111
0.3487
-1.5471
-0.8373
0.7262
0.1135
-1.4775
-1.3019
0.2525
-0.6091
0.6691
-1.0390
-1.1895
-0.7164
-1.2668
-0.6656
-1.0436
-0.0612
-2.5844
-0.5388
-0.9770
-1.5009
-0.9641
1.2123
0.2612
-0.7448
-1.6111
-1.7996
0.1985
1.0766
1.4003
-0.6134
-0.0777
0.1764
0.3911
0.7823
-0.2378
1.0728
1.6720
1.0683
0.4756
-0.5021
0.2044
0.2371
0.2051
0.9815
0.6089
1.2655
1.2978
-0.3038
0.1276
-1.1397
1.4007
0.3099
2.0256
1.3493
1.2391
0.6519
0.4640
1.8365
0.9894
1.1328
1.7151
1.9091
1.5140
2.1421
0.1628
-0.2552
0.9016
1.7349
-0.1195
0.9314
1.6114
0.5099
-2.1548
0.8796
-0.0340
0.8165
-1.1610
-0.1118
0.5463
1.3133
-0.3288
-1.0556
-0.8629
-0.7813
-0.3226
-0.3055
1.0031
-0.1907
-1.4344
-1.3171
-0.5232
-0.7549
-0.3054
-2.3441
-0.3484
-1.1326
0.2390
-0.4529
-0.7918
-1.1718
0.9143
-0.6647
-0.7880
0.0050
-0.3183
-0.6230
-0.4820
-0.6928
-0.7717
-1.1474
-2.5428
-2.2706
-0.2423
-0.4472
-1.5661
-0.1518
-0.5095
-1.0600
0.2636
-1.3750
1.2617
-1.1684
-0.6779
1.8743
1.3314
-0.1400
-2.0614
-0.6013
0.4179
-0.9814
-0.7480
0.6520
0.7004
-0.1409
0.3738
1.2695
1.5989
0.1199
0.1637
-0.6486
-1.1412
2.1448
-0.4021
-0.0869
-0.0942
-0.7622
0.8207
1.5748
0.8069
0.0913
-2.1692
-1.3349
0.2504
0.6099
0.5551
-0.4051
2.1347
1.0660
-0.9712
0.9764
1.3658
0.8571
0.6602
-0.2355
1.5423
0.4375
1.9006
-1.1736
0.3641
1.7447
0.5309
0.0807
0.0115
2.0722
1.1152
0.5862
0.0181
0.1448
-1.0061
2.1266
0.9152
1.2782
-1.5256
-1.8087
1.5038
0.4442
0.6746
-1.5662
-0.9216
-0.5645
-0.5358
0.5504
-1.0166
-1.6170
-1.3827
-0.2308
-1.1867
-2.3302
-0.4938
-0.0370
-0.5749
-2.2549
-2.0104
-1.4083
-0.6431
-1.8241
-0.7125
-2.0313
-0.8420
-0.2607
-0.7579
-1.7290
0.2958
-1.1678
-1.4731
-0.4512
-1.4322
0.0629
-2.2611
-0.8835
-1.0810
-0.4334
-0.2999
0.5940
0.1713
-0.7904
0.5725
-0.9764
0.0003
0.6795
-0.8884
0.9810
0.7848
0.1887
1.5695
0.0150
-0.2426
0.3605
0.1681
-0.9828
0.5271
1.4613
1.1480
0.3364
0.3668
2.1347
-1.1156
2.1438
0.3433
0.6744
1.1430
1.2693
0.8284
1.0330
1.6949
-0.5482
0.0314
1.2535
1.5492
2.3211
-0.4291
1.7006
1.6747
2.3701
-0.1219
1.4869
-0.8434
-0.3238
1.8307
2.6461
2.1885
0.1851
1.6041
-1.1352
1.0650
1.0624
2.3891
0.1013
1.0815
-0.4929
0.5308
-0.2394
-0.8237
0.9050
0.8395
-0.9789
0.2259
0.1112
-1.0797
-0.8763
-0.9002
0.3916
-0.3381
-1.8571
-1.1237
0.4955
-0.3910
-1.2487
-0.6286
-1.3853
-3.4511
-2.1215
-1.0594
-1.6724
-0.7171
0.3419
-1.4321
-1.9114
-2.1952
0.3144
-0.5114
-1.6012
-1.9950
-1.7522
0.4474
-0.2764
-2.2063
-1.0039
-1.9191
-0.5516
0.1497
-0.8452
-1.4845
-0.3939
-1.3207
-0.5910
0.6358
-1.6331
-0.0686
-0.1324
-0.5609
-0.5410
-1.6697
1.7310
1.6256
-0.7169
-0.2377
2.1385
2.8158
-0.0995
0.5536
1.0478
0.0070
-0.3303
1.3877
0.0363
0.3687
1.7044
1.9367
-1.2559
2.3500
2.0504
2.7063
2.5369
2.1533
1.4107
2.3011
1.8935
0.7871
-0.2282
1.1498
1.4080
1.1785
1.5969
0.3534
0.1198
2.1300
0.8020
2.9485
0.1909
0.7698
2.2583
0.1090
1.7612
-0.0047
0.8254
-0.9997
0.6350
0.9074
0.7198
-0.4309
1.1396
-0.1713
1.4611
-0.1399
0.6643
1.0747
-1.5162
-0.6842
1.0946
1.9606
0.2435
-0.7167
-0.9381
0.1872
0.2980
-2.0943
-0.4537
-0.7088
-2.6521
-0.5830
-2.0305
0.3649
-2.4927
-2.7052
-1.3619
-3.4026
-1.2400
-1.6317
-1.4807
0.0379
0.2771
-2.0907
-2.7990
-1.8561
-0.5970
1.0798
-0.2319
-0.1963
0.8347
-0.4406
-0.8521
-0.3770
0.4373
-1.5717
0.2848
0.3566
-0.2151
-1.4977
0.8218
1.5123
-0.4342
-1.2954
2.4225
-2.1103
1.1831
-0.0333
-0.1175
-0.5502
-1.1723
0.6876
2.5081
-1.0231
1.6167
-2.0885
2.7270
0.8703
0.7437
0.8579
-0.2543
1.4135
1.0463
-0.0601
0.8743
-1.2580
0.0802
0.4863
-1.1884
0.0258
-0.1242
-0.3734
0.0987
1.0292
1.1034
0.9649
3.9235
1.7935
0.6167
1.5002
0.0834
-0.0694
0.2257
0.1675
0.4354
-0.5207
0.1704
0.3372
-0.0875
0.9519
0.0851
-1.1127
-1.0571
-0.5932
-0.6228
0.4813
-0.2703
0.4603
0.0796
-1.6422
-0.4456
-0.0361
0.1841
-0.5423
-0.0468
1.0591
-0.3535
1.1072
-0.7376
-0.5408
-0.3258
0.9153
-2.1001
-1.8105
-1.0749
-0.8838
-1.7394
0.3228
0.3598
-1.3563
-0.3488
-0.9024
-1.9903
-2.4161
-2.2379
-1.0689
-1.4091
-1.0393
-0.8557
0.2524
0.1065
0.4911
-2.3920
-2.8585
-1.4795
0.0253
0.8139
-0.7543
-0.3303
-0.0634
-1.8908
-1.8676
-1.7022
-0.9366
0.5769
-0.2651
-0.1364
0.8530
-0.7574
-0.7970
-0.1422
0.0476
-1.0354
0.3867
0.1110
-1.0193
1.2164
-0.7837
0.1359
0.9764
0.1546
0.2646
-0.3083
1.2485
0.0770
1.5083
0.3833
2.0746
0.7789
2.4500
0.0059
0.9090
0.5617
0.5567
1.7411
0.3309
2.1559
1.7554
1.7168
0.8171
0.4090
-0.9365
0.4054
1.5853
0.8977
1.3501
0.2698
1.0151
-0.7473
-1.3977
1.4033
0.8173
0.8433
-0.3299
1.9446
-0.4114
2.1811
-0.5380
-0.1601
-0.2703
0.6558
0.9233
0.6233
0.4631
-0.3075
1.5502
-0.1757
-0.7758
-1.2969
-0.4147
-1.1859
-0.5417
-0.7561
0.0559
0.8021
-1.0040
-1.5998
-0.5187
-1.6768
-0.2202
-0.8560
-1.3932
0.7723
-1.4551
-1.8182
-0.5926
-0.9778
-1.3161
-0.0101
1.1418
-3.0041
-1.1664
-1.5242
-0.9555
0.7068
-0.9681
-2.6466
-0.5049
-1.2519
-3.1324
-0.7774
-0.7147
-0.8409
1.3519
-0.0873
-1.4903
-0.4595
-1.0003
-0.5025
0.0006
-0.4706
-2.4778
1.2238
1.0302
-0.9054
0.9757
-1.1457
-0.5626
0.0142
0.1309
3.4747
3.1246
-0.5717
2.1116
1.4723
-0.0360
2.3151
1.6551
0.7657
0.2390
2.2895
-1.2349
1.2579
1.2122
-2.3120
0.3862
-0.0217
-0.7614
2.1236
0.7392
1.1996
0.8928
0.6934
1.3595
1.6434
0.8102
-0.0863
0.8834
2.2608
0.3651
1.5049
0.7804
0.9392
1.5403
1.4493
0.6864
-0.1186
0.5980
1.4279
0.3256
0.3909
2.0424
-0.4646
1.1584
0.6607
0.3180
0.4040
-0.2711
0.1616
-0.1401
-0.6501
-1.6732
-1.1418
-0.7435
-1.2447
-1.2186
0.8896
1.0524
0.7425
-0.5234
-1.6330
-0.5408
-0.4346
0.3270
-1.6141
-0.5069
-0.9960
-0.7764
-2.4505
1.2563
0.2326
-2.7291
1.9173
-1.5608
-0.9275
-0.0705
0.4734
0.3317
-0.3354
0.4144
-0.1542
-1.1516
-0.3248
0.0388
-0.3826
0.1493
-0.4583
0.0623
-0.2177
0.2400
-1.6906
-0.0352
-0.0006
-1.0681
0.2044
-1.3836
-0.9156
0.1742
0.3278
1.4195
0.2768
-0.4029
-0.2640
2.9865
1.3701
-0.0387
-0.0634
0.5220
3.2706
1.5859
-0.8407
2.0594
-0.4079
-0.3495
1.7432
3.1053
1.8911
1.7047
1.6546
-0.1858
1.1238
1.5696
0.0033
0.0297
1.2993
-0.4717
0.1004
2.3729
1.3986
-1.0933
1.0286
2.2424
0.4015
-0.1351
0.6875
2.5911
1.2561
0.6537
-0.7272
-0.4818
0.1134
0.3226
0.5411
0.4157
0.5979
0.8078
-1.2181
1.3480
0.1262
-0.2748
-1.8425
-1.0710
0.0499
1.1160
-1.5880
-0.6231
-0.9416
-0.0273
-0.0075
1.1283
1.1572
0.2068
-0.3243
-1.0858
-0.0457
0.0871
-0.3333
-0.2835
-0.5280
-0.9261
0.9881
-0.6869
-1.1780
-1.2795
-0.7592
-1.2164
-0.9280
1.1771
-0.1816
-1.1929
-1.6691
-0.8124
0.4252
-1.5052
0.4249
-0.7313
0.7213
1.7161
-0.2600
0.5760
0.3010
0.8959
0.1203
0.7935
-2.0135
1.1843
-0.4226
0.8167
0.6922
1.5643
5.0221
4.6206
1.2517
0.8589
1.0356
1.2285
1.4358
1.4837
1.9661
0.9981
0.7435
0.6657
0.8554
0.3602
0.5503
0.3976
1.2372
0.1318
0.6106
0.6670
0.1758
0.5012
0.6328
0.2555
0.5591
1.4251
0.6041
0.7617
0.8522
2.7113
0.7424
1.8392
0.2260
0.7178
0.5143
1.2436
0.8265
0.3453
2.0191
0.7130
1.6027
0.3854
0.7800
1.3738
1.1842
1.3171
0.3290
1.4322
0.2527
0.4006
2.8078
1.1348
0.3239
7.1979
0.3621
0.4824
1.2835
0.9969
0.4527
0.6134
0.6811
1.0405
0.5143
1.4251
0.4798
1.2953
0.5659
0.1524
1.7727
0.1144
4.1325
0.3371
1.6483
1.2373
0.3483
0.2269
0.7606
0.7005
1.4965
0.9510
1.0613
1.2111
0.9087
1.2817
1.0787
1.0038
1.6000
0.8621
0.6594
1.1869
0.5971
0.8860
1.1530
0.1724
0.7266
0.8093
0.5570
0.6582
1.0523
0.9374
1.1008
1.6131
1.0649
1.0483
1.0876
0.7195
0.8593
1.4045
0.4617
0.5234
0.6337
0.8762
0.6076
1.7083
0.4738
1.2395
0.2291
0.3047
0.5959
1.2450
0.4738
0.7218
1.5812
0.3861
0.8105
0.9322
0.5302
0.9322
0.8105
0.3861
1.5813
0.7218
0.4738
1.2449
0.5959
0.3047
0.2291
1.2395
0.4738
1.7083
0.6076
0.8762
0.6337
0.5234
0.4617
1.4043
0.8593
0.7195
1.0875
1.0483
1.0649
1.6130
1.1008
0.9374
1.0524
0.6583
0.5570
0.8093
0.7266
0.1724
1.1530
0.8859
0.5972
1.1869
0.6594
0.8621
1.6000
1.0039
1.0787
1.2816
0.9087
1.2111
1.0613
0.9510
1.4965
0.7005
0.7606
0.2269
0.3483
1.2373
1.6482
0.3371
4.1322
0.1144
1.7727
0.1524
0.5659
1.2953
0.4798
1.4251
0.5143
1.0405
0.6811
0.6134
0.4526
0.9968
1.2835
0.4824
0.3621
7.1976
0.3239
1.1348
2.8078
0.4006
0.2527
1.4322
0.3290
1.3171
1.1842
1.3739
0.7800
0.3854
1.6027
0.7130
2.0191
0.3453
0.8264
1.2436
0.5143
0.7178
0.2260
1.8393
0.7424
2.7113
0.8522
0.7617
0.6041
1.4251
0.5591
0.2555
0.6328
0.5012
0.1758
0.6670
0.6106
0.1318
1.2372
0.3976
0.5503
0.3602
0.8554
0.6657
0.7435
0.9981
1.9660
1.4836
1.4359
1.2284
1.0356
0.8589
1.2516
4.6201
5.0221
1.5643
